100
220 5
50 0 0
50 0 0
50 0 0
50 0 0
50 0 0
50 0 0
50 0 0
50 0 1 138
50 0 0
50 0 0
50 0 0
50 0 1 130
50 0 0
50 0 0
50 0 0
50 0 1 138
50 0 0
50 0 0
50 0 0
50 0 1 130
50 0 0
50 0 1 114
50 0 0
155 0 1 195
155 0 0
74 0 1 114
50 0 0
50 0 0
50 0 0
50 0 0
50 0 0
114 0 1 154
114 0 0
114 0 0
98 0 0
98 0 1 138
98 0 0
98 1 1 185 0
98 0 0
98 0 1 154
98 0 0
98 1 1 175 0
98 0 0
98 0 1 138
90 0 0
90 0 1 130
74 0 0
74 0 1 114
74 0 0
74 0 1 130
50 0 0
50 0 0
50 0 0
50 0 0
50 0 0
244 0 1 284
244 0 0
244 0 0
228 0 0
228 0 1 268
228 0 0
228 0 0
228 0 0
228 0 1 284
228 0 0
228 1 1 308 0
228 0 0
228 1 1 320 1 268
212 0 0
212 0 1 252
195 0 0
195 1 1 300 1 235
187 0 0
187 0 1 227
171 0 0
171 0 1 211
171 0 0
171 0 0
171 0 0
252 0 1 292
252 0 0
252 0 0
244 0 0
244 0 1 284
244 0 0
244 0 0
228 0 0
228 1 1 327 1 268
228 0 0
228 0 0
228 0 0
228 0 1 284
228 1 1 317 0
228 0 0
228 0 0
228 0 1 292
228 0 0
228 0 0
228 0 0
50 0 0
50 0 0
50 0 0
50 0 0
195 0 1 235
195 0 0
195 0 0
187 0 0
187 0 1 227
187 0 0
187 0 0
187 0 0
187 0 1 235
187 0 0
187 1 1 268 0
187 0 0
187 0 1 227
171 0 0
171 0 1 211
171 0 0
252 0 1 292
252 0 0
171 0 1 211
171 0 0
50 0 0
50 0 0
50 0 0
50 0 0
212 0 1 252
212 0 0
212 0 0
195 0 0
195 0 1 235
195 0 0
195 1 1 283 0
195 0 0
195 0 1 252
195 0 0
195 0 0
195 0 0
195 0 1 235
187 0 0
187 0 1 227
171 0 0
171 0 1 211
171 0 0
171 0 1 227
171 0 0
50 0 0
50 0 0
50 0 0
50 0 0
341 0 1 381
341 0 0
341 0 0
325 1 1 431 1 365
325 0 0
325 1 1 431 0
325 0 0
325 1 1 410 0
325 0 1 381
325 0 0
325 0 0
325 0 0
325 0 1 365
309 0 0
309 0 1 349
293 1 1 403 0
293 0 1 333
285 0 0
285 0 1 325
268 0 0
268 0 1 308
268 0 0
268 0 0
268 0 0
350 0 1 390
350 0 0
350 0 0
341 0 0
341 0 1 381
341 0 0
341 0 0
325 0 0
325 0 1 365
325 0 0
325 0 0
325 1 1 430 0
325 0 1 381
325 0 0
325 1 1 413 0
325 0 0
325 0 1 390
325 0 0
325 0 0
325 0 0
50 0 0
50 0 0
50 0 0
50 0 0
50 0 0
50 0 0
50 0 0
50 0 0
50 0 0
50 0 0
50 0 0
50 0 0
50 0 0
50 0 0
50 0 0
50 0 0
50 0 0
50 0 0
50 0 0
50 0 0
50 0 0
50 0 0
50 0 0
50 0 0
50 0 0
