100
1312 4
50 0 0
50 0 0
50 0 0
50 0 0
50 0 0
50 0 0
50 0 0
50 0 0
50 0 0
50 0 0
50 0 0
50 0 0
50 0 0
50 0 0
50 0 0
50 0 0
50 0 0
50 0 0
50 0 0
50 0 0
50 0 0
50 0 0
50 0 0
50 0 0
50 0 0
50 0 0
50 0 0
50 0 1 105
50 0 0
50 0 0
50 0 0
50 0 1 108
50 0 0
50 0 0
50 0 0
50 0 1 110
50 0 0
50 0 0
50 0 0
50 0 1 94
50 0 0
50 0 0
50 0 0
50 0 1 97
50 0 0
50 0 0
50 0 0
50 0 0
50 0 0
50 0 0
50 0 0
50 0 1 97
50 0 0
50 0 0
50 0 0
50 0 1 105
50 0 0
50 0 0
50 0 0
50 0 0
50 0 0
50 0 0
50 0 0
50 0 1 102
50 0 0
50 0 0
50 0 0
50 0 1 101
50 0 0
50 0 0
50 0 0
50 0 1 94
50 0 0
50 0 0
50 0 0
50 0 0
50 0 0
50 0 0
50 0 0
50 0 1 105
50 0 0
50 0 0
50 0 0
50 0 0
50 0 0
50 0 0
50 0 0
50 0 1 105
50 0 0
50 0 0
50 0 0
50 0 1 108
50 0 0
50 0 1 110
50 0 0
50 0 1 94
50 0 0
50 0 0
50 0 0
50 0 1 108
50 0 0
50 0 0
50 0 0
50 0 1 97
50 0 0
50 0 0
50 0 0
50 0 0
50 0 0
50 0 0
50 0 0
50 0 1 97
50 0 0
50 0 0
50 0 0
50 0 1 101
50 0 0
50 0 1 102
50 0 0
50 0 1 105
50 0 0
50 0 0
50 0 0
50 0 0
50 0 0
50 0 0
50 0 0
50 0 0
50 0 0
50 0 0
50 0 0
50 0 0
50 0 0
50 0 0
50 0 0
50 0 1 105
50 0 0
50 0 0
50 0 0
50 0 1 108
50 0 0
50 0 0
50 0 0
50 0 1 102
50 0 0
50 0 0
50 0 0
50 0 0
50 0 0
50 0 0
50 0 0
50 0 1 105
50 0 0
50 0 1 110
50 0 0
50 0 1 97
50 0 0
50 0 0
50 0 0
50 0 0
50 0 0
50 0 0
50 0 0
50 0 1 105
50 0 0
50 0 0
50 0 0
50 0 0
50 0 0
50 0 0
50 0 0
50 0 1 121
50 0 0
50 0 0
50 0 0
50 0 0
50 0 0
50 0 0
50 0 0
50 0 1 116
50 0 0
50 0 0
50 0 0
50 0 0
50 0 0
50 0 0
50 0 0
50 0 1 120
50 0 0
50 0 0
50 0 0
50 0 0
50 0 0
50 0 0
50 0 0
50 0 0
50 0 0
50 0 0
50 0 0
50 0 0
50 0 0
50 0 0
50 0 0
50 0 1 124
50 0 0
50 0 1 121
50 0 0
50 0 1 120
50 0 0
50 0 1 116
50 0 0
50 0 1 113
50 0 0
50 0 0
50 0 0
50 0 0
50 0 0
50 0 0
50 0 0
50 0 1 121
50 0 0
50 0 0
50 0 0
50 0 1 124
50 0 0
50 0 0
50 0 0
50 0 1 127
50 0 0
50 0 0
50 0 0
50 0 1 129
50 0 0
50 0 0
50 0 0
50 0 1 113
50 0 0
50 0 0
50 0 0
50 0 0
50 0 0
50 0 0
50 0 0
50 0 1 127
50 0 0
50 0 0
50 0 0
50 0 0
50 0 0
50 0 0
50 0 0
50 0 1 129
50 0 0
50 0 1 127
50 0 0
50 0 1 124
50 0 0
50 0 1 127
50 0 0
50 0 1 116
50 0 0
50 0 0
50 0 0
50 0 1 113
50 0 0
50 0 0
50 0 0
50 0 1 127
50 0 0
50 0 0
50 0 0
50 0 1 127
50 0 0
50 0 0
50 0 0
50 0 1 127
50 0 0
50 0 0
50 0 0
50 0 1 127
50 0 0
50 0 0
50 0 0
50 0 1 127
50 0 0
50 0 0
50 0 0
50 0 1 127
50 0 0
50 0 0
50 0 0
50 0 1 143
50 0 0
50 0 1 140
50 0 0
50 0 1 138
50 0 0
50 0 1 135
50 0 0
50 0 1 138
50 0 0
50 0 0
50 0 0
50 0 0
50 0 0
50 0 0
50 0 0
50 0 1 146
50 0 0
50 0 0
50 0 0
50 0 0
50 0 0
50 0 0
50 0 0
50 0 1 140
50 0 0
50 0 0
50 0 0
50 0 1 143
50 0 0
50 0 0
50 0 0
50 0 1 146
50 0 0
50 0 0
50 0 0
50 0 1 148
50 0 0
50 0 0
50 0 0
50 0 1 132
50 0 0
50 0 0
50 0 0
50 0 0
50 0 0
50 0 0
50 0 0
50 0 1 132
50 0 0
50 0 1 135
50 0 0
50 0 1 132
50 0 0
50 0 0
50 0 0
50 0 1 135
50 0 0
50 0 1 132
50 0 0
50 0 1 148
50 0 0
50 0 1 132
50 0 0
50 0 1 135
50 0 0
50 0 0
50 0 0
50 0 0
50 0 0
50 0 0
50 0 0
50 0 1 138
50 0 0
50 0 0
50 0 0
50 0 0
50 0 0
50 0 0
50 0 0
50 0 1 140
50 0 0
50 0 1 138
50 0 0
50 0 1 140
50 0 0
50 0 1 138
50 0 0
50 0 1 140
50 0 0
50 0 1 146
50 0 0
50 0 1 132
50 0 0
50 0 0
50 0 0
50 0 1 146
50 0 0
50 0 0
50 0 0
50 0 1 146
50 0 0
50 0 0
50 0 0
50 0 1 146
50 0 0
50 0 1 138
50 0 0
50 0 0
50 0 0
50 0 1 138
50 0 0
50 0 0
50 0 0
50 0 1 143
50 0 0
50 0 0
50 0 0
50 0 1 143
50 0 0
50 0 1 132
50 0 0
50 0 0
50 0 0
50 0 1 135
50 0 0
50 0 0
50 0 0
50 0 1 138
50 0 0
50 0 0
50 0 0
50 0 1 140
50 0 0
50 0 0
50 0 0
50 0 1 143
50 0 0
50 0 0
50 0 0
50 0 0
50 0 0
50 0 0
50 0 0
50 0 1 132
50 0 0
50 0 1 135
50 0 0
50 0 1 132
50 0 0
50 0 0
50 0 0
50 0 1 135
50 0 0
50 0 1 132
50 0 0
50 0 1 148
50 0 0
50 0 1 132
50 0 0
50 0 1 135
50 0 0
50 0 0
50 0 0
50 0 0
50 0 0
50 0 0
50 0 0
50 0 1 132
50 0 0
50 0 0
50 0 0
50 0 0
50 0 0
50 0 0
50 0 0
50 0 1 150
50 0 0
50 0 0
50 0 0
50 0 0
50 0 0
50 0 0
50 0 0
50 0 1 132
50 0 0
50 0 0
50 0 0
50 0 0
50 0 0
50 0 0
50 0 0
50 0 0
50 0 0
50 0 0
50 0 0
50 0 0
50 0 0
50 0 0
50 0 0
50 0 1 135
50 0 0
50 0 1 132
50 0 0
50 0 1 150
50 0 0
50 0 1 146
50 0 0
50 0 1 143
50 0 0
50 0 0
50 0 0
50 0 0
50 0 0
50 0 0
50 0 0
50 0 0
50 0 0
50 0 0
50 0 0
50 0 0
50 0 0
50 0 0
50 0 0
50 0 0
50 0 0
50 0 0
50 0 0
50 0 0
50 0 0
50 0 0
50 0 0
50 0 0
50 0 0
50 0 0
50 0 0
50 0 0
50 0 0
50 0 0
50 0 0
122 0 1 162
119 0 0
119 0 1 159
119 0 0
119 0 1 162
119 0 0
119 0 1 159
119 0 0
119 0 1 162
119 0 0
119 0 0
119 0 0
119 0 1 162
119 0 0
119 0 1 178
119 0 0
119 0 1 173
119 0 0
119 0 0
119 0 0
119 0 1 186
119 0 0
119 0 1 173
119 0 0
119 0 0
119 0 0
119 0 1 181
119 0 1 178
119 0 1 181
119 0 1 178
119 0 1 181
119 0 1 178
119 0 1 181
119 0 0
119 0 0
119 0 0
119 0 1 184
119 0 0
119 0 1 184
119 0 1 170
119 0 1 176
119 0 0
119 0 1 176
119 0 1 184
119 0 1 181
119 0 1 184
119 0 1 170
119 0 0
119 0 1 170
119 0 1 186
119 0 1 184
119 0 1 181
119 0 1 178
119 0 1 176
119 0 1 173
119 0 0
119 0 1 186
119 0 0
119 0 1 184
119 0 0
119 0 0
119 0 0
119 0 1 181
119 0 1 186
119 0 1 173
119 0 0
119 0 0
119 0 0
119 0 1 170
119 0 0
119 0 0
119 0 0
119 0 1 173
119 0 1 170
119 0 1 173
119 0 1 170
119 0 1 186
119 0 1 170
119 0 1 173
119 0 1 178
119 0 1 176
119 0 0
119 0 0
119 0 0
119 0 1 184
119 0 1 186
119 0 1 170
119 0 1 173
119 0 1 181
119 0 1 184
119 0 1 186
119 0 1 170
119 0 1 176
119 0 0
119 0 0
119 0 0
119 0 1 178
119 0 0
119 0 1 178
119 0 1 181
119 0 1 184
119 0 0
119 0 1 184
119 0 1 186
119 0 1 170
119 0 0
119 0 1 170
119 0 1 170
119 0 1 184
119 0 1 170
119 0 1 184
119 0 1 170
119 0 1 173
119 0 0
119 0 1 173
119 0 1 186
119 0 1 173
119 0 0
119 0 1 173
119 0 1 170
119 0 1 184
119 0 1 186
119 0 1 184
119 0 1 170
119 0 1 186
119 0 1 184
119 0 1 181
119 0 1 184
119 0 1 178
119 0 1 181
119 0 1 178
119 0 1 184
119 0 1 200
119 0 0
119 0 1 195
119 0 0
119 0 1 195
119 0 0
119 0 1 205
119 0 0
119 0 1 203
119 0 0
119 0 1 205
119 0 0
119 0 1 189
119 0 0
119 0 1 189
119 0 1 192
119 0 1 195
119 0 0
119 0 1 195
119 0 1 197
119 0 1 200
119 0 0
119 0 1 200
119 0 1 200
119 0 1 189
119 0 0
119 0 0
119 0 0
119 0 1 192
119 0 0
119 0 0
119 0 0
119 0 1 189
119 0 0
119 0 0
119 0 0
119 0 1 189
119 0 1 203
119 0 1 189
119 0 1 203
119 0 1 189
119 0 1 203
119 0 1 189
119 0 0
119 0 1 205
119 0 0
119 0 1 203
119 0 0
119 0 1 192
119 0 0
119 0 1 192
119 0 1 195
119 0 1 197
119 0 0
119 0 1 197
119 0 1 200
119 0 1 203
119 0 0
119 0 1 203
119 0 1 205
119 0 1 189
119 0 0
119 0 1 203
119 0 0
119 0 1 189
119 0 0
119 0 0
119 0 0
119 0 1 192
119 0 0
119 0 0
119 0 0
119 0 1 203
119 0 0
119 0 1 192
119 0 1 195
119 0 1 197
119 0 1 200
119 0 1 203
119 0 1 197
119 0 1 195
119 0 1 197
119 0 1 200
119 0 0
119 0 1 203
119 0 1 189
119 0 1 195
119 0 1 189
119 0 1 203
119 0 1 189
119 0 1 195
119 0 1 189
119 0 1 203
119 0 1 189
119 0 1 195
119 0 1 189
119 0 1 197
119 0 1 202
119 0 1 189
119 0 1 202
119 0 1 197
119 0 1 202
119 0 1 189
119 0 1 202
119 0 1 197
119 0 1 202
119 0 1 189
119 0 1 202
119 0 1 195
119 0 0
119 0 1 203
119 0 1 205
119 0 1 189
119 0 0
119 0 1 195
119 0 0
119 0 1 205
119 0 0
119 0 0
119 0 0
119 0 1 192
119 0 1 189
119 0 1 205
119 0 0
119 0 1 200
119 0 1 203
119 0 1 205
119 0 0
119 0 1 203
119 0 1 197
119 0 1 200
119 0 0
119 0 0
119 0 0
119 0 1 189
119 0 1 205
119 0 1 203
119 0 0
119 0 0
119 0 0
119 0 1 192
119 0 0
119 0 0
119 0 0
119 0 1 208
119 0 0
119 0 0
119 0 0
182 0 1 222
182 0 0
182 0 0
182 0 0
182 0 1 224
182 0 0
182 0 0
182 0 0
182 0 0
182 0 0
182 0 0
171 0 0
168 0 1 211
168 0 1 208
168 0 1 224
168 0 1 222
168 0 1 219
168 0 0
168 0 0
168 0 0
168 0 1 208
168 0 0
168 0 1 208
168 0 1 211
168 0 1 214
168 0 0
168 0 1 214
168 0 1 216
168 0 1 219
168 0 0
168 0 1 219
168 0 1 219
168 0 1 214
168 0 0
168 0 0
168 0 0
168 0 1 216
168 0 1 214
168 0 1 211
168 0 1 214
168 0 1 222
168 0 0
168 0 1 219
168 0 0
168 0 1 214
168 0 0
168 0 1 214
168 0 0
168 0 1 214
168 0 1 214
168 0 1 214
168 0 0
168 0 1 214
168 0 1 214
168 0 1 214
168 0 0
168 0 1 230
168 0 1 227
168 0 1 243
168 0 1 241
168 0 1 243
168 0 0
168 0 0
168 0 0
168 0 1 233
168 0 0
168 0 0
168 0 0
168 0 1 227
168 0 0
168 0 1 230
168 0 0
168 0 1 233
168 0 0
168 0 1 235
168 0 0
168 0 1 238
168 0 0
168 0 0
168 0 0
168 0 1 238
168 0 1 241
168 0 1 238
168 0 0
168 0 1 241
168 0 1 238
168 0 1 235
168 0 0
168 0 1 235
168 0 1 238
168 0 1 241
168 0 0
168 0 1 235
168 0 0
168 0 0
168 0 0
168 0 1 227
168 0 1 241
168 0 1 227
168 0 1 241
168 0 1 227
168 0 1 233
168 0 1 235
168 0 0
168 0 1 230
168 0 0
168 0 1 230
168 0 1 235
168 0 1 238
168 0 0
168 0 1 238
168 0 1 241
168 0 1 243
168 0 0
168 0 1 243
168 0 1 230
168 0 1 241
168 0 0
168 0 0
168 0 0
168 0 0
168 0 0
168 0 0
168 0 0
168 0 1 241
168 0 0
168 0 0
168 0 0
50 0 0
50 0 0
50 0 0
50 0 0
187 0 1 227
187 0 0
187 0 0
187 0 0
187 0 1 232
187 0 0
187 0 0
187 0 0
187 0 1 241
187 0 0
187 0 1 243
187 0 0
187 0 1 227
187 0 0
187 0 0
187 0 0
187 0 1 227
187 0 0
187 0 0
187 0 0
50 0 0
50 0 0
50 0 0
50 0 0
198 0 1 238
198 0 0
198 0 0
198 0 0
198 0 1 243
198 0 0
198 0 0
198 0 0
198 0 1 243
198 0 0
198 0 1 241
198 0 0
198 0 1 238
198 0 0
198 0 0
198 0 0
198 0 1 238
198 0 0
198 0 0
198 0 0
50 0 0
50 0 0
50 0 0
50 0 0
195 0 1 235
195 0 0
195 0 0
195 0 0
195 0 1 240
195 0 0
195 0 0
193 0 0
193 0 1 233
193 0 0
193 0 1 238
193 0 0
193 0 1 235
193 0 0
193 0 0
193 0 0
193 0 1 235
193 0 0
193 0 0
193 0 0
50 0 0
50 0 0
50 0 0
50 0 0
206 0 1 246
206 0 0
206 0 0
206 0 0
206 0 1 251
206 0 0
206 0 0
206 0 0
206 0 1 246
206 0 0
206 0 1 262
206 0 0
206 0 1 246
206 0 0
206 0 0
206 0 0
206 0 1 246
206 0 0
206 0 0
206 0 0
50 0 0
50 0 0
50 0 0
50 0 0
217 0 1 257
217 0 0
217 0 0
215 0 0
215 0 1 255
215 0 0
215 0 0
215 0 0
215 0 1 257
215 0 0
215 0 0
214 0 0
214 0 1 254
212 0 0
212 0 1 252
209 0 0
209 0 1 249
209 0 0
209 0 1 262
209 0 0
50 0 0
50 0 0
50 0 0
50 0 0
241 0 1 281
241 0 0
241 0 0
239 0 0
239 0 1 279
239 0 0
239 0 0
239 0 0
239 0 1 281
239 0 0
239 0 0
239 0 0
239 0 1 279
236 0 0
236 0 1 276
233 0 0
233 0 1 273
228 0 0
228 0 1 268
228 0 0
50 0 0
50 0 0
50 0 0
50 0 0
258 0 1 298
258 0 0
258 0 0
256 0 0
256 0 1 296
256 0 0
256 0 0
256 0 0
256 0 1 298
256 0 0
256 0 0
255 0 0
255 0 1 295
252 0 0
252 0 1 292
250 0 0
250 0 1 290
247 0 0
247 0 1 287
247 0 0
247 0 1 303
247 0 0
247 0 1 318
247 0 0
247 0 1 314
247 0 0
247 0 1 307
247 0 0
247 0 1 337
247 0 0
247 0 1 333
247 0 0
247 0 1 322
247 0 0
247 0 1 337
247 0 0
247 0 1 326
247 0 0
247 0 1 322
247 0 0
312 0 1 352
312 0 0
312 0 0
312 0 0
50 0 0
50 0 0
50 0 0
50 0 0
312 0 1 352
312 0 0
312 0 0
312 0 0
312 0 1 358
312 0 0
312 0 0
312 0 0
312 0 1 352
312 0 0
312 0 0
308 0 0
308 0 1 348
307 0 0
307 0 1 347
307 0 0
307 0 1 348
307 0 0
307 0 1 352
307 0 0
50 0 0
50 0 0
50 0 0
50 0 0
315 0 1 355
315 0 0
315 0 0
301 0 0
301 0 1 341
301 0 0
301 0 0
301 0 0
301 0 1 355
301 0 0
301 0 0
301 0 0
301 0 1 352
301 0 0
301 0 1 348
301 0 0
301 0 1 347
301 0 0
301 0 1 355
301 0 0
50 0 0
50 0 0
50 0 0
50 0 0
318 0 1 358
318 0 0
318 0 0
304 0 0
304 0 1 344
304 0 0
304 0 0
304 0 0
304 0 1 358
304 0 0
304 0 0
304 0 0
304 0 1 355
304 0 0
304 0 1 352
304 0 0
304 0 1 355
304 0 0
304 0 1 358
304 0 0
50 0 0
50 0 0
50 0 0
50 0 0
301 0 1 341
301 0 0
301 0 0
301 0 0
301 0 1 344
301 0 0
301 0 0
301 0 0
301 0 1 341
301 0 0
301 0 0
301 0 0
301 0 1 358
301 0 0
301 0 1 355
301 0 0
301 0 1 358
301 0 0
301 0 1 341
301 0 0
301 0 1 352
301 0 0
301 0 1 358
301 0 0
301 0 1 344
301 0 0
301 0 1 358
301 0 0
301 0 0
301 0 0
301 0 1 358
301 0 0
301 0 1 352
301 0 0
301 0 1 363
301 0 0
301 0 0
301 0 0
301 0 1 371
301 0 0
301 0 1 374
301 0 0
301 0 1 377
301 0 0
301 0 1 367
301 0 0
301 0 1 374
301 0 0
301 0 1 360
301 0 0
301 0 1 374
301 0 0
301 0 0
301 0 0
301 0 1 374
301 0 0
301 0 1 367
301 0 0
301 0 1 378
301 0 0
301 0 0
301 0 0
301 0 1 382
301 0 0
301 0 1 385
301 0 0
301 0 1 386
301 0 0
301 0 1 390
301 0 0
301 0 0
301 0 0
301 0 0
301 0 0
301 0 0
301 0 0
301 0 1 390
301 0 0
301 0 0
301 0 0
50 0 0
50 0 0
50 0 0
50 0 0
50 0 0
50 0 0
50 0 0
50 0 0
50 0 0
50 0 0
50 0 0
50 0 0
50 0 0
50 0 0
50 0 0
50 0 0
50 0 0
50 0 0
50 0 0
50 0 0
50 0 0
50 0 0
50 0 0
50 0 0
50 0 0
