120
217 3
174 0 1 203
174 0 0
174 0 0
174 0 0
174 0 0
174 0 0
174 0 0
145 0 0
145 0 1 174
145 0 0
145 0 0
145 0 0
145 0 0
145 0 0
145 0 0
145 0 0
145 0 1 203
145 0 0
145 0 0
145 0 0
145 0 0
145 0 0
145 0 0
101 0 0
101 0 1 130
101 0 0
101 0 0
101 0 0
101 0 0
101 0 0
101 0 0
101 0 0
101 0 1 159
101 0 0
101 0 0
101 0 0
101 0 0
101 0 0
101 0 0
101 0 0
101 0 1 130
101 0 0
101 0 0
101 0 0
101 0 0
101 0 0
101 0 0
101 0 0
320 0 1 350
320 0 0
320 0 0
320 0 0
320 0 0
320 0 0
320 0 0
291 0 0
291 0 1 320
291 0 0
291 0 0
291 0 0
291 0 0
291 0 0
291 0 0
291 0 0
291 0 1 350
291 0 0
291 0 0
291 0 0
291 0 0
291 0 0
291 0 0
291 0 0
350 0 1 379
350 0 0
350 0 0
350 0 0
350 0 0
350 0 0
350 0 0
320 0 0
320 0 1 350
320 0 0
320 0 0
320 0 0
320 0 0
320 0 0
320 0 0
320 0 0
320 0 1 379
320 0 0
320 0 0
320 0 0
320 0 0
320 0 0
320 0 0
291 0 0
291 0 1 320
291 0 0
291 0 0
291 0 0
291 0 0
291 0 0
291 0 0
262 0 0
262 0 1 291
262 0 0
262 0 0
262 0 0
262 0 0
262 0 0
262 0 0
262 0 0
262 0 0
262 0 0
262 0 0
262 0 0
262 0 0
262 0 0
262 0 0
218 0 0
218 0 1 247
218 0 0
218 0 0
218 0 0
218 0 0
218 0 0
218 0 0
218 0 0
218 0 1 276
218 0 0
218 0 0
218 0 0
218 0 0
218 0 0
218 0 0
218 0 0
218 0 0
218 0 0
218 0 0
218 0 0
218 0 0
218 0 0
218 0 0
203 0 0
203 0 1 232
203 0 0
203 0 0
203 0 0
203 0 0
203 0 0
203 0 0
189 0 0
189 0 1 218
189 0 0
189 0 0
189 0 0
189 0 0
189 0 0
189 0 0
189 0 0
189 0 0
189 0 0
189 0 0
189 0 0
189 0 0
189 0 0
189 0 0
189 0 0
189 0 1 262
189 0 0
189 0 0
189 0 0
189 0 0
189 0 0
189 0 0
189 0 0
189 0 1 232
189 0 0
189 0 0
189 0 0
189 0 0
189 0 0
189 0 0
189 0 0
189 0 0
189 0 0
189 0 0
189 0 0
189 0 0
189 0 0
189 0 0
189 0 0
50 0 0
50 0 0
50 0 0
50 0 0
50 0 0
50 0 0
50 0 0
50 0 0
50 0 0
50 0 0
50 0 0
50 0 0
50 0 0
50 0 0
50 0 0
50 0 0
50 0 0
50 0 0
50 0 0
50 0 0
50 0 0
50 0 0
50 0 0
50 0 0
50 0 0
