100
230 3
50 0 0
50 0 0
50 0 0
50 0 0
140 0 0
140 0 1 180
120 0 0
120 0 0
120 0 0
120 0 1 160
120 0 0
120 0 0
120 0 0
120 0 1 180
120 0 0
120 0 0
120 0 0
120 0 1 160
200 0 0
200 0 1 280
140 0 0
140 0 1 240
140 0 0
140 0 1 180
50 0 0
50 0 0
50 0 0
50 0 0
180 0 0
180 0 1 220
160 0 0
160 0 0
160 0 0
160 0 1 200
160 0 0
160 0 0
160 0 0
160 0 1 220
160 0 0
160 0 0
120 0 0
120 0 1 200
120 0 0
120 0 1 160
180 0 0
180 0 1 280
180 0 0
180 0 1 220
50 0 0
50 0 0
50 0 0
50 0 0
260 0 0
260 0 1 300
240 0 0
240 0 0
240 0 0
240 0 1 280
240 0 0
240 0 0
240 0 0
240 0 1 300
240 0 0
240 0 0
180 0 0
180 0 1 280
160 0 0
160 0 1 220
120 0 0
120 0 1 200
120 0 0
120 0 1 160
220 0 0
220 0 1 280
180 0 0
180 0 1 260
140 0 0
140 0 1 220
140 0 0
140 0 1 180
140 0 0
140 0 1 220
220 0 0
220 0 1 260
220 0 0
220 0 1 280
220 0 0
220 0 1 260
220 0 0
220 0 1 280
120 0 0
120 0 1 160
120 0 0
120 0 1 200
120 0 0
120 0 0
50 0 0
50 0 0
50 0 0
50 0 0
140 0 0
140 0 1 180
120 0 0
120 0 0
120 0 0
120 0 1 160
120 0 0
120 0 0
120 0 0
120 0 1 180
120 0 1 220
120 0 1 180
120 0 0
120 0 1 160
200 0 0
200 0 1 280
140 0 0
140 0 1 240
140 0 0
140 0 1 180
50 0 0
50 0 0
50 0 0
50 0 0
160 0 1 200
160 0 1 220
160 0 1 200
160 0 1 220
160 0 0
160 0 1 200
160 0 0
160 0 0
160 0 0
160 0 1 220
160 0 0
160 0 0
160 0 0
160 0 1 200
160 0 1 220
160 0 1 200
180 0 0
180 0 1 280
180 0 0
180 0 1 220
50 0 0
50 0 0
50 0 0
50 0 0
260 0 0
260 0 1 300
240 0 0
240 0 0
240 0 0
240 0 1 280
240 0 0
240 0 0
240 0 0
240 0 1 300
240 0 0
240 0 0
180 0 0
180 0 1 280
160 0 0
160 0 1 220
120 0 0
120 0 1 200
120 0 0
120 0 1 160
220 0 0
220 0 1 280
180 0 0
180 0 1 260
140 0 0
140 0 1 220
140 0 0
140 0 1 180
140 0 0
140 0 1 220
220 0 0
220 0 1 260
220 0 0
220 0 1 280
220 0 0
220 0 1 260
220 0 0
220 0 1 280
120 0 0
120 0 1 160
120 0 0
120 0 1 200
120 0 0
120 0 0
50 0 0
50 0 0
50 0 0
50 0 0
50 0 0
50 0 0
50 0 0
50 0 0
50 0 0
50 0 0
50 0 0
50 0 0
50 0 0
50 0 0
50 0 0
50 0 0
50 0 0
50 0 0
50 0 0
50 0 0
50 0 0
50 0 0
50 0 0
50 0 0
50 0 0
50 0 0
50 0 0
50 0 0
50 0 0
50 0 0
50 0 0
50 0 0
50 0 0
50 0 0
50 0 0
50 0 0
50 0 0
50 0 0
