120
1580 4
50 0 0
50 0 0
50 0 0
50 0 0
50 0 0
50 0 0
50 0 0
50 0 0
50 0 0
50 0 0
50 0 0
50 0 0
50 0 0
50 0 0
50 0 0
50 0 0
50 1 2 95 0
50 0 0
50 0 0
50 0 0
50 0 0
50 0 0
50 1 1 125 0
50 0 0
50 0 0
50 0 0
50 0 0
50 0 0
50 0 0
50 0 0
50 1 1 135 0
50 0 0
50 0 0
50 0 0
50 0 0
50 0 0
50 0 0
50 1 2 95 0
50 0 0
50 0 0
50 0 0
50 0 0
50 0 0
50 0 0
50 0 0
50 1 2 95 0
50 0 0
50 0 0
50 0 0
50 0 0
50 0 0
50 0 0
50 1 2 95 0
50 0 0
50 0 0
50 0 0
50 0 0
50 0 0
50 0 0
50 0 0
50 1 1 125 0
50 0 0
50 0 0
50 0 0
50 0 0
50 0 0
50 0 0
150 0 1 190
150 0 0
150 0 1 195
150 0 0
150 0 1 190
150 0 0
150 0 0
140 0 0
140 0 1 180
130 0 1 190
130 0 1 170
130 0 0
130 0 1 170
130 0 1 180
130 0 1 225
130 0 0
130 0 1 170
130 0 0
130 0 1 225
130 0 0
130 0 1 170
130 0 0
130 1 1 215 0
130 0 0
130 0 1 225
130 0 1 170
130 0 1 225
130 0 0
130 0 1 205
130 0 1 195
130 0 1 205
130 0 0
130 0 1 215
130 0 1 205
130 0 1 215
130 0 1 205
130 0 1 170
130 0 1 225
130 0 1 170
130 0 1 225
210 0 1 255
210 0 1 250
210 0 1 255
190 0 1 250
190 0 1 230
190 0 0
190 1 2 235 0
190 0 0
190 0 1 230
190 0 1 285
190 0 1 230
190 0 1 285
190 0 1 265
190 0 1 275
190 0 1 265
190 0 1 275
190 0 1 285
190 0 1 230
190 0 1 285
190 0 1 230
190 0 1 240
190 0 0
190 1 1 272 0
190 0 0
190 0 1 250
190 0 1 240
190 0 1 250
190 0 1 240
190 0 1 230
190 0 1 285
190 0 1 230
190 0 1 285
190 0 1 265
190 0 1 255
190 0 1 265
190 0 1 255
190 0 1 250
190 0 0
190 1 1 272 0
190 0 0
190 0 1 240
190 0 1 255
190 0 1 275
190 0 0
190 0 1 255
190 0 1 275
190 0 1 240
190 0 0
190 0 1 250
190 0 0
190 1 2 235 1 285
190 0 0
190 0 1 230
190 0 0
50 0 0
50 0 0
50 0 0
50 0 0
50 0 0
50 0 0
50 0 0
50 0 0
50 0 0
50 0 0
50 1 1 130 0
50 0 0
50 0 0
50 0 0
50 0 0
50 0 0
50 0 0
50 0 0
210 0 1 250
210 0 0
210 0 1 255
210 0 0
210 0 1 250
210 0 0
210 0 0
200 0 0
200 0 1 240
190 0 1 250
190 0 1 230
190 0 0
190 0 1 230
190 0 1 240
190 0 1 285
190 0 0
190 0 1 230
190 0 0
190 0 1 285
190 0 0
190 0 1 230
190 0 0
190 1 1 275 0
190 0 0
190 0 1 285
190 0 1 230
190 0 1 285
190 0 0
190 0 1 265
190 0 1 255
190 0 1 265
190 0 0
190 0 1 275
190 0 1 265
190 0 1 275
190 0 1 265
190 0 1 230
190 0 1 285
190 0 1 230
190 0 1 285
270 0 1 315
270 0 1 310
270 0 1 315
250 0 1 310
250 0 1 290
250 0 0
250 1 1 335 0
250 0 0
250 0 1 290
250 0 1 345
250 0 1 290
250 0 1 345
250 0 1 325
250 0 1 335
250 0 1 325
250 0 1 335
250 0 1 345
250 0 1 290
250 0 1 345
250 0 1 290
250 0 1 300
250 0 0
250 1 2 295 0
250 0 0
250 0 1 310
250 0 1 300
250 0 1 310
250 0 1 300
250 0 1 290
250 0 1 345
250 0 1 290
250 0 1 345
250 0 1 325
250 0 1 315
250 0 1 325
250 0 1 315
250 0 1 310
250 0 0
250 1 2 295 0
250 0 0
250 0 1 300
250 0 1 315
250 0 1 335
250 0 0
250 0 1 315
250 0 1 335
250 0 1 300
250 0 0
250 0 1 310
250 0 0
250 0 1 345
250 0 0
250 0 1 290
250 0 0
50 0 0
50 0 0
250 0 1 290
250 0 0
250 0 0
250 0 0
250 0 1 290
250 0 0
250 0 1 315
250 0 1 310
250 0 1 300
250 0 0
335 0 1 395
335 0 1 385
335 0 1 375
50 0 0
50 0 0
50 0 0
50 0 1 94
50 0 0
50 0 0
50 1 1 135 0
50 0 0
50 0 1 114
50 0 1 104
50 0 1 94
50 0 0
50 0 1 119
50 0 1 109
124 0 1 164
50 0 0
50 0 0
50 0 0
50 0 1 109
50 0 0
50 1 2 95 0
50 0 0
50 0 1 134
50 0 0
50 0 0
50 0 0
124 0 1 164
124 0 0
50 0 0
50 0 0
50 0 1 129
50 0 1 134
50 0 1 129
50 0 1 109
50 0 1 129
50 0 0
50 0 0
50 0 0
50 0 1 144
50 0 0
50 1 2 95 0
50 0 0
50 0 1 119
50 0 0
50 0 0
50 0 0
50 0 1 144
50 0 1 134
50 0 1 144
104 0 1 164
104 0 1 144
94 0 0
89 0 1 134
79 0 1 129
79 0 1 119
69 0 0
69 0 1 109
69 0 1 164
69 0 1 154
69 0 1 144
69 0 1 154
69 0 1 164
69 0 1 109
50 0 0
50 0 0
50 0 0
50 0 1 119
50 0 0
50 0 0
50 0 0
50 1 2 95 0
50 0 0
50 0 0
50 0 0
50 0 1 119
50 0 0
50 0 0
50 0 0
50 0 1 119
50 0 0
50 0 0
50 0 0
50 0 1 109
50 0 0
50 0 0
50 0 0
50 1 1 135 0
50 0 0
50 0 0
50 0 0
50 0 1 109
50 0 0
50 0 0
50 0 0
50 0 1 109
50 0 0
50 0 0
50 0 0
124 0 1 164
124 0 0
124 0 0
124 0 0
124 1 1 209 0
124 0 0
124 1 1 209 0
124 0 0
124 0 1 164
124 0 0
124 1 2 169 0
124 0 0
124 0 1 164
124 0 0
124 0 0
124 0 0
50 0 0
50 0 0
50 1 2 95 0
50 0 0
50 0 1 119
50 0 0
139 0 1 179
139 0 0
139 0 1 189
139 0 0
209 0 1 249
199 0 0
199 0 1 239
199 0 0
199 0 1 299
199 0 0
304 0 1 344
249 0 0
249 0 1 289
249 0 0
249 0 1 299
249 0 0
249 0 1 289
249 0 0
249 1 2 294 0
249 0 0
249 0 1 334
249 0 0
249 0 1 324
249 0 0
249 0 1 334
249 0 0
249 0 1 309
249 0 0
249 0 1 309
249 0 0
249 0 1 309
249 0 0
249 0 1 289
249 0 0
249 0 1 299
249 0 0
249 0 1 299
249 0 0
249 0 1 299
249 0 0
249 0 1 289
249 0 0
249 0 1 344
249 0 0
249 0 1 289
249 0 0
249 0 1 299
249 0 0
249 0 1 299
249 0 1 299
249 0 1 289
249 0 0
249 0 0
249 0 0
50 0 0
50 0 0
50 0 0
50 0 0
50 0 0
50 0 0
50 0 0
50 1 1 135 0
50 0 0
50 0 0
50 0 0
50 0 0
329 0 1 369
329 0 0
329 0 1 369
329 0 0
329 0 1 369
309 0 0
309 0 1 349
309 0 0
309 0 1 359
309 0 0
309 1 2 354 0
309 0 0
50 0 0
50 0 0
50 0 0
50 0 0
50 0 1 113
50 0 0
50 0 1 113
50 0 0
50 0 1 113
50 0 0
50 0 1 93
50 0 0
50 0 1 83
50 0 0
50 0 0
50 0 0
50 0 0
50 0 0
50 0 0
50 0 0
50 1 2 95 0
50 0 0
150 0 0
150 0 0
150 0 0
50 0 0
50 0 0
50 0 0
50 0 0
50 0 0
309 0 1 349
309 0 0
309 0 1 349
309 0 0
50 0 0
50 0 0
309 0 1 349
309 0 0
309 0 1 349
309 0 0
50 0 0
50 0 0
309 0 1 349
309 0 0
50 0 0
50 0 0
50 0 0
50 0 0
309 0 1 349
309 0 0
309 0 0
309 0 0
309 0 1 359
309 0 0
309 0 0
309 0 0
309 0 1 349
309 0 0
309 1 1 395 0
309 0 0
309 0 1 349
309 0 0
309 0 1 359
309 0 0
309 0 1 369
309 0 0
309 0 1 359
53 0 0
53 0 0
53 0 0
53 0 1 103
53 0 0
53 0 1 93
53 0 0
53 0 1 103
53 0 0
53 0 1 128
53 0 0
53 0 1 108
53 0 0
53 0 1 153
53 0 0
53 0 0
53 0 0
53 0 1 153
53 0 0
123 0 1 163
78 0 0
78 0 1 118
68 0 0
68 0 1 108
68 0 0
68 0 0
68 0 0
68 1 2 113 0
68 0 0
68 0 0
50 0 0
50 0 0
50 0 0
50 0 0
50 0 0
50 0 0
50 1 1 135 0
50 0 0
50 0 0
50 0 0
50 0 0
50 0 0
50 0 0
50 1 2 95 0
50 0 0
50 0 0
50 0 0
50 0 0
50 0 0
50 0 0
50 0 0
50 0 0
50 1 2 95 0
50 0 0
50 0 0
50 0 0
50 0 0
50 0 0
50 0 0
50 0 0
50 1 2 95 0
50 0 0
50 0 0
50 0 0
50 0 0
50 0 0
50 0 0
50 0 0
50 0 0
50 0 0
50 1 1 135 0
50 0 0
50 0 0
50 0 0
50 0 0
50 0 0
50 0 0
50 0 0
50 0 0
50 1 1 135 0
50 0 0
50 0 0
50 0 0
50 0 0
50 0 0
50 0 0
50 0 0
50 0 0
50 0 0
50 1 2 95 0
50 0 0
50 0 0
50 0 0
50 0 0
50 0 0
50 0 0
50 0 0
50 0 0
50 0 0
50 1 2 95 0
50 0 0
50 0 0
50 0 0
50 0 0
50 0 0
50 0 0
50 0 0
50 0 0
50 0 0
50 0 0
50 0 0
50 1 2 95 0
50 0 0
50 0 0
50 0 0
50 0 0
50 0 0
50 0 0
50 0 0
50 0 0
50 0 0
50 0 0
50 1 1 135 0
50 0 0
50 0 0
50 0 0
50 0 0
50 0 0
50 0 0
50 0 0
50 0 0
50 0 0
50 0 0
50 0 0
50 0 0
50 0 0
50 0 0
50 0 1 143
50 0 0
50 0 0
50 0 0
50 0 1 143
50 0 0
50 0 0
50 0 0
50 1 2 95 0
50 0 0
50 0 1 143
50 0 0
50 0 1 143
50 0 0
50 0 0
50 0 0
50 0 1 108
50 0 0
50 0 1 118
50 0 0
50 0 1 108
50 0 0
50 0 0
50 0 0
50 0 1 143
50 0 0
50 0 0
50 0 0
50 0 1 143
50 0 0
50 0 0
50 0 0
148 0 1 188
148 0 0
148 0 1 193
148 0 0
148 0 1 188
148 0 0
50 0 0
50 0 0
138 0 1 178
128 0 0
128 0 1 168
128 0 0
128 0 1 223
128 0 0
50 0 0
50 0 0
128 0 1 168
128 0 1 223
128 0 1 213
128 0 1 223
128 0 1 168
128 0 1 223
128 0 1 213
128 0 1 178
128 0 1 203
128 1 2 173 0
128 0 0
128 0 0
128 0 1 203
50 0 0
50 0 0
50 0 0
163 0 1 203
163 0 0
163 0 0
163 0 0
163 0 1 203
163 0 0
163 0 0
163 0 0
50 0 0
50 0 0
163 0 1 203
163 0 0
163 0 1 203
163 0 0
50 0 0
50 0 0
128 0 1 168
128 0 0
128 0 1 178
128 0 0
128 0 1 168
128 0 0
50 0 0
50 0 0
163 0 1 203
163 0 0
163 0 0
163 0 0
163 0 1 203
163 0 0
163 0 0
163 0 0
163 0 1 263
223 0 1 273
213 0 1 263
208 0 1 253
208 0 1 248
208 0 0
50 0 0
50 0 0
198 0 1 238
198 0 1 248
188 0 1 238
188 0 1 228
188 1 2 233 1 283
188 0 0
50 0 0
50 0 0
198 0 1 238
198 0 0
198 0 0
198 0 0
198 0 1 283
198 0 0
198 0 0
188 0 0
188 0 1 228
188 0 0
188 0 0
188 0 0
188 0 1 228
188 0 0
50 0 0
50 0 0
188 0 1 228
188 0 0
188 0 0
188 0 0
188 0 1 228
188 0 0
188 0 0
188 0 0
188 0 1 228
188 0 0
188 0 0
188 0 0
188 0 1 228
188 0 0
188 0 0
188 0 0
188 0 1 263
188 0 1 253
188 0 1 263
188 0 1 273
188 0 1 283
188 0 1 273
188 0 1 238
188 0 1 263
188 0 1 228
188 0 1 283
188 1 2 233 1 273
188 0 1 263
188 0 1 228
188 0 0
50 0 0
50 0 0
188 0 1 228
188 0 0
188 0 0
188 0 0
188 0 1 228
188 0 0
188 0 0
188 0 0
188 0 1 228
188 0 0
188 0 0
188 0 0
188 0 1 228
188 0 0
188 1 1 273 0
188 0 0
188 0 1 253
188 0 1 248
188 0 1 253
188 0 1 263
188 0 1 273
188 0 1 253
188 0 1 238
188 0 1 283
188 0 1 228
188 0 1 283
188 0 1 273
188 0 1 283
188 0 1 228
188 0 0
50 0 0
50 0 0
223 0 1 263
223 0 0
223 0 0
223 0 0
223 0 1 263
223 0 0
223 0 0
223 0 0
50 0 0
50 0 0
223 0 1 263
223 0 0
223 0 1 263
223 0 0
50 0 0
50 0 0
223 0 1 263
223 0 0
223 0 0
223 0 0
223 0 1 263
223 0 0
223 1 2 268 0
223 0 0
50 0 0
50 0 0
223 0 1 263
223 0 0
223 0 1 263
223 0 0
50 0 0
50 0 0
223 0 1 263
223 0 0
223 0 0
223 0 0
223 0 1 263
223 0 0
223 1 2 268 0
223 0 0
50 0 0
50 0 0
223 0 1 263
223 0 0
223 0 1 263
223 0 0
50 0 0
50 0 0
223 0 1 263
223 0 0
223 0 0
223 0 0
223 0 1 263
223 0 0
223 1 2 268 0
223 0 0
50 0 0
50 0 0
223 0 1 263
223 0 0
223 0 1 263
223 0 0
50 0 0
50 0 0
223 0 1 263
223 0 0
223 0 0
223 0 0
223 0 1 263
223 0 0
223 0 0
223 0 0
223 0 1 263
223 0 0
223 0 0
223 0 0
223 0 1 263
223 0 0
223 0 0
223 0 0
223 0 1 263
218 0 0
218 0 1 258
218 0 0
218 0 1 263
218 0 0
218 0 1 273
218 0 0
218 0 1 263
218 0 0
218 0 1 258
218 0 0
218 0 1 263
218 0 0
218 0 1 273
218 0 0
218 0 1 263
218 0 0
218 0 0
218 0 0
218 0 1 263
218 0 0
218 1 2 263 0
218 0 0
218 0 1 263
218 0 0
218 1 2 263 0
218 0 0
218 0 1 263
218 0 0
218 0 0
188 0 0
188 0 1 228
188 0 0
188 0 0
188 0 0
188 0 1 238
188 0 0
188 0 0
188 0 0
188 0 1 258
188 0 0
188 0 0
188 0 0
188 0 1 263
188 0 0
188 1 2 233 0
188 0 0
188 0 1 263
188 0 1 258
188 0 1 263
188 0 1 273
188 0 1 263
188 0 0
50 0 0
50 0 0
50 0 0
50 0 0
223 0 1 263
218 0 0
218 0 1 258
218 0 0
218 0 1 263
218 0 0
218 0 1 263
218 0 1 258
218 0 1 263
218 0 1 273
218 0 1 263
218 0 0
50 0 0
50 0 0
50 0 0
50 0 0
243 0 1 283
198 0 0
198 0 1 238
198 0 0
198 0 1 248
188 0 0
188 0 1 228
188 0 1 283
188 0 1 228
188 0 1 238
188 0 1 228
188 0 0
50 0 0
50 0 0
50 0 0
50 0 0
188 0 1 228
188 0 0
188 0 1 283
188 0 0
188 0 1 228
188 0 0
188 0 1 228
188 0 1 283
188 0 1 228
188 0 1 238
188 0 1 228
188 0 0
50 0 0
50 0 0
50 0 0
50 0 0
208 0 1 248
198 0 0
198 0 1 238
188 0 0
188 0 1 228
188 0 0
188 0 1 283
188 0 1 273
188 0 1 283
188 0 1 228
188 0 1 283
188 0 0
50 0 0
50 0 0
50 0 0
50 0 0
243 0 1 283
233 0 0
233 0 1 273
233 0 0
233 0 1 283
198 0 0
188 0 1 238
188 0 1 228
188 0 1 238
188 0 1 248
188 0 1 238
188 0 0
50 0 0
50 0 0
50 0 0
50 0 0
198 0 1 238
188 0 0
188 0 1 228
188 0 0
188 0 1 238
188 0 0
188 0 1 228
188 0 0
188 0 1 283
188 0 0
188 0 1 228
188 0 0
188 0 1 238
188 0 0
188 0 1 228
188 0 0
50 0 0
50 0 0
188 0 1 228
50 0 0
50 0 0
50 0 0
223 0 1 263
223 0 0
223 1 2 268 0
223 0 0
223 0 1 263
223 0 0
223 1 2 268 0
223 0 0
223 0 1 263
223 0 0
223 1 2 268 0
223 0 0
223 0 1 263
223 0 0
223 1 2 268 0
223 0 0
223 0 1 263
218 0 0
218 0 1 258
218 0 0
218 0 1 263
218 0 0
218 0 1 273
218 0 0
218 0 1 263
218 0 0
218 0 1 258
218 0 0
218 0 1 263
218 0 0
218 0 1 273
218 0 0
218 0 1 263
218 0 0
218 1 2 263 0
218 0 0
218 0 1 263
218 0 0
218 0 0
218 0 0
218 0 1 263
218 0 0
218 1 1 303 0
218 0 0
218 0 1 263
218 0 0
218 0 0
188 0 0
188 0 1 228
188 0 0
188 0 1 283
188 0 0
188 0 1 238
188 0 0
188 0 1 283
188 0 0
188 0 1 258
188 0 0
188 0 1 283
188 0 0
188 0 1 263
188 0 0
188 0 1 283
188 0 0
188 0 1 263
188 0 1 258
188 0 1 263
188 0 1 273
188 0 1 263
188 0 0
50 0 0
50 0 0
50 0 0
50 0 0
223 0 1 263
218 0 0
218 0 1 258
218 0 0
218 0 1 263
218 0 0
218 0 1 263
218 0 1 258
218 0 1 263
218 0 1 273
218 0 1 263
218 0 0
50 0 0
50 0 0
50 0 0
50 0 0
243 0 1 283
198 0 0
198 0 1 238
198 0 0
198 0 1 248
188 0 0
188 0 1 228
188 0 1 283
188 0 1 228
188 0 1 238
188 0 1 228
188 0 0
50 0 0
50 0 0
50 0 0
50 0 0
188 0 1 228
188 0 0
188 0 1 283
188 0 0
188 0 1 228
188 0 0
188 0 1 228
188 0 1 283
188 0 1 228
188 0 1 238
188 0 1 228
188 0 0
50 0 0
50 0 0
50 0 0
50 0 0
243 0 1 283
188 0 0
188 0 1 228
188 0 0
188 0 1 238
188 0 0
188 0 1 248
188 0 1 238
188 0 1 248
188 0 1 253
188 0 1 248
188 0 0
50 0 0
50 0 0
50 0 0
50 0 0
208 0 1 248
208 0 0
208 0 1 258
208 0 0
208 0 1 263
208 0 0
208 0 1 273
208 0 0
208 0 1 263
208 0 0
208 0 1 273
208 0 0
208 0 1 283
208 0 0
208 0 1 273
208 0 0
208 1 1 293 0
208 0 0
208 0 1 273
208 0 0
208 1 2 253 0
208 0 0
208 0 1 263
208 0 0
208 0 0
208 0 0
50 0 0
50 0 0
50 0 0
50 0 0
50 0 0
50 1 2 95 0
50 0 0
50 0 0
50 0 0
50 0 0
50 0 0
50 1 2 95 0
50 0 0
50 0 0
50 0 0
50 0 0
50 0 0
50 0 0
50 1 1 135 0
50 0 0
50 0 0
50 0 0
50 1 1 135 0
50 0 0
50 0 0
50 0 0
50 0 0
50 0 0
208 0 1 248
208 0 0
208 0 1 253
208 0 0
208 0 1 248
208 0 0
208 0 0
198 0 0
198 0 1 238
198 0 1 248
188 0 1 238
188 0 1 228
188 0 1 283
188 0 1 273
188 0 1 283
188 0 1 263
188 0 1 228
188 0 1 283
188 0 1 273
188 0 1 263
188 0 1 228
188 0 1 238
188 0 1 248
188 0 1 228
188 0 1 228
188 0 1 283
188 0 1 273
188 0 1 263
188 0 1 228
188 0 1 238
188 0 1 248
188 0 1 228
188 0 1 278
188 0 1 273
188 0 1 263
188 0 1 253
188 0 1 278
188 0 1 228
188 0 1 238
188 0 1 278
188 0 1 278
188 0 1 273
188 0 1 263
188 0 1 253
188 0 1 278
188 0 1 228
188 0 1 238
188 0 1 278
188 0 1 243
188 0 1 238
188 0 1 228
188 0 1 278
188 0 1 243
188 0 1 253
188 0 1 263
188 0 1 243
188 0 1 243
188 0 1 238
188 0 1 228
188 0 1 278
188 0 1 243
188 0 1 253
188 0 1 263
188 0 1 243
188 0 1 268
188 0 1 263
188 0 1 253
188 0 1 243
188 0 1 268
188 0 1 278
188 0 1 228
188 0 1 268
188 0 1 268
188 0 1 263
188 0 1 253
188 0 1 243
188 0 1 268
188 0 1 278
188 0 1 228
188 0 1 268
188 0 1 263
188 0 0
188 0 0
188 0 0
188 0 1 263
188 0 0
188 0 0
188 0 0
50 0 0
50 0 0
223 0 1 263
223 0 0
223 0 1 263
223 0 0
50 0 0
50 0 0
188 0 1 228
188 0 0
188 0 1 238
188 0 0
188 0 1 228
188 0 0
50 0 0
50 0 0
223 0 1 263
223 0 0
223 0 0
223 0 0
223 0 1 263
223 0 0
223 1 1 308 0
223 0 0
223 0 1 308
223 0 0
223 0 1 313
223 0 0
223 0 1 308
223 0 0
50 0 0
50 0 0
258 0 1 298
248 0 0
248 0 1 288
248 0 0
248 0 1 343
248 0 0
50 0 0
50 0 0
248 0 1 288
248 0 1 343
248 0 1 333
248 0 1 343
248 0 1 288
248 0 1 343
248 0 1 333
248 0 1 298
248 0 1 323
248 0 0
248 0 0
248 0 0
248 0 1 323
50 0 0
50 0 0
50 0 0
50 0 0
50 1 2 95 0
50 0 0
50 0 0
50 0 0
50 0 0
50 0 0
50 0 0
248 0 1 288
248 0 1 343
248 0 1 333
248 0 1 343
248 0 1 288
248 0 1 343
248 0 1 333
248 0 1 298
248 0 1 323
248 0 0
248 0 0
248 0 0
248 0 1 323
248 0 0
248 0 0
248 0 0
50 0 0
50 0 0
283 0 1 323
283 0 0
283 0 1 323
283 0 0
50 0 0
50 0 0
248 0 1 288
248 0 0
248 0 1 298
248 0 0
248 0 1 288
248 0 0
50 0 0
50 0 0
283 0 1 323
283 0 0
283 0 0
283 0 0
283 0 1 323
283 0 0
283 0 0
283 0 0
283 0 1 383
333 0 1 393
333 0 1 383
328 0 1 373
328 0 1 368
328 0 0
50 0 0
50 0 0
318 0 1 358
318 0 1 368
308 0 1 358
308 0 1 348
338 0 1 378
50 0 0
50 0 0
50 0 0
308 0 1 348
308 0 1 378
308 0 1 368
308 0 1 378
308 0 1 348
308 0 1 378
318 0 1 358
308 0 1 368
308 0 1 348
308 0 1 378
308 0 1 368
308 0 1 378
308 0 1 348
308 0 1 358
308 0 1 368
308 0 1 373
308 0 1 383
308 0 0
308 0 1 373
308 0 1 368
308 0 1 358
308 0 0
308 0 1 348
308 0 1 378
308 0 1 368
308 0 0
333 0 1 373
333 0 1 383
333 0 1 393
333 0 1 383
333 0 1 393
333 0 1 403
333 0 1 373
50 0 0
50 0 0
50 0 0
50 0 0
50 0 0
50 0 0
50 0 0
50 0 0
50 0 0
50 0 0
50 0 0
50 0 0
50 0 0
50 0 0
50 0 0
50 0 0
50 0 0
50 0 0
50 0 0
50 0 0
50 0 0
50 0 0
50 0 0
50 0 0
50 0 0

