100
217 3
50 0 0
50 0 0
50 0 0
50 0 0
136 0 1 176
136 0 0
136 0 0
123 0 0
123 0 1 163
123 0 0
123 0 0
123 0 0
123 0 1 163
123 0 0
123 0 0
123 0 0
123 0 1 163
96 0 0
96 0 1 136
96 0 0
96 0 1 136
96 0 0
96 0 1 136
96 0 0
50 0 0
50 0 0
50 0 0
50 0 0
163 0 1 203
163 0 0
163 0 0
136 0 0
136 0 1 176
136 0 0
136 0 0
136 0 0
136 0 1 176
136 0 0
136 0 0
136 0 0
136 0 1 176
123 0 0
123 0 1 163
96 0 0
96 0 1 136
96 0 0
96 0 1 136
96 0 0
50 0 0
50 0 0
50 0 0
50 0 0
323 0 1 363
323 0 0
323 0 0
296 0 0
296 0 1 336
296 0 0
296 0 0
296 0 0
296 0 1 336
296 0 0
296 0 0
296 0 0
296 0 1 336
270 0 0
270 0 1 310
243 0 0
243 0 1 283
230 0 0
230 0 1 270
203 0 0
203 0 1 243
203 0 0
203 0 0
203 0 0
203 0 1 243
203 0 0
203 0 0
203 0 0
203 0 1 243
203 0 0
203 0 0
190 0 0
190 0 1 230
190 0 0
190 0 0
190 0 0
190 0 1 230
190 0 0
190 0 0
190 0 0
190 0 1 230
190 0 0
190 0 0
190 0 0
50 0 0
50 0 0
50 0 0
50 0 0
243 0 1 283
243 0 0
243 0 0
230 0 0
230 0 1 270
230 0 0
230 0 0
230 0 0
230 0 1 270
230 0 0
230 0 0
230 0 0
230 0 1 270
203 0 0
203 0 1 243
203 0 0
203 0 1 243
203 0 0
203 0 1 243
203 0 0
50 0 0
50 0 0
50 0 0
50 0 0
270 0 1 310
270 0 0
270 0 0
243 0 0
243 0 1 283
243 0 0
243 0 0
243 0 0
243 0 1 283
243 0 0
243 0 0
243 0 0
243 0 1 283
230 0 0
230 0 1 270
203 0 0
203 0 1 243
203 0 0
203 0 1 243
203 0 0
50 0 0
50 0 0
50 0 0
50 0 0
430 0 1 470
430 0 0
430 0 0
403 0 0
403 0 1 443
403 0 0
403 0 0
403 0 0
403 0 1 443
403 0 0
403 0 0
403 0 0
403 0 1 443
376 0 0
376 0 1 416
350 0 0
350 0 1 390
336 0 0
336 0 1 376
310 0 0
310 0 1 350
310 0 0
310 0 0
310 0 0
310 0 1 350
310 0 0
310 0 0
310 0 0
310 0 1 350
310 0 0
310 0 0
296 0 0
296 0 1 336
296 0 0
296 0 0
296 0 0
296 0 1 336
296 0 0
296 0 0
296 0 0
296 0 1 336
296 0 0
296 0 0
296 0 0
50 0 0
50 0 0
50 0 0
50 0 0
50 0 0
50 0 0
50 0 0
50 0 0
50 0 0
50 0 0
50 0 0
50 0 0
50 0 0
50 0 0
50 0 0
50 0 0
50 0 0
50 0 0
50 0 0
50 0 0
50 0 0
50 0 0
50 0 0
50 0 0
50 0 0