120
1477 3
50 0 0
50 0 0
50 0 0
50 0 1 130
50 0 0
50 0 1 130
50 0 0
50 0 1 130
50 0 0
50 0 1 130
50 0 0
50 0 1 130
50 0 0
50 0 0
50 0 0
50 0 1 145
50 0 0
50 0 0
50 0 0
50 0 1 130
50 0 0
50 0 1 130
50 0 0
50 0 1 130
50 0 0
50 0 1 130
50 0 0
50 0 1 130
50 0 0
50 0 0
50 0 0
50 0 1 120
50 0 0
50 0 0
50 0 0
50 0 1 130
50 0 0
50 0 0
50 0 0
50 0 1 130
50 0 0
50 0 1 145
50 0 0
50 0 1 130
50 0 0
50 0 1 145
50 0 0
50 0 1 130
50 0 0
50 0 1 120
50 0 0
125 0 1 165
125 0 0
125 0 0
125 0 0
125 0 0
125 0 0
125 0 0
125 0 0
125 0 0
125 0 0
125 0 0
125 0 0
125 0 0
125 0 0
125 0 0
80 0 0
80 0 1 120
80 0 0
80 0 1 120
80 0 0
80 0 1 120
80 0 0
80 0 1 120
80 0 0
80 0 1 120
80 0 0
80 0 0
80 0 0
80 0 1 130
80 0 0
80 0 0
80 0 0
80 0 1 120
80 0 0
80 0 1 120
80 0 0
80 0 1 120
80 0 0
80 0 1 120
80 0 0
80 0 1 120
80 0 0
80 0 0
70 0 0
70 0 1 110
70 0 0
70 0 0
70 0 0
70 0 1 120
70 0 0
70 0 0
70 0 0
70 0 1 120
70 0 0
70 0 1 130
70 0 0
70 0 1 120
70 0 0
70 0 1 130
70 0 0
70 0 1 120
70 0 0
70 0 1 110
70 0 0
70 0 1 155
70 0 0
70 0 0
70 0 0
70 0 0
70 0 0
70 0 0
70 0 0
70 0 0
70 0 0
70 0 0
70 0 0
70 0 0
70 0 0
70 0 0
70 0 0
150 0 1 190
150 0 1 190
150 0 1 190
150 0 1 190
150 0 1 190
150 0 0
150 0 1 205
150 0 0
150 0 1 190
150 0 1 190
150 0 1 190
150 0 1 190
150 0 1 190
140 0 0
140 0 1 180
140 0 0
140 0 1 190
140 0 0
140 0 1 190
140 0 1 205
140 0 1 190
140 0 1 205
140 0 1 190
140 0 1 180
140 0 1 225
140 0 0
140 0 0
140 0 0
140 0 0
140 0 0
140 0 0
140 0 0
140 0 1 180
140 0 1 180
140 0 1 180
140 0 1 180
140 0 1 180
140 0 0
140 0 1 190
140 0 0
140 0 1 180
140 0 1 180
140 0 1 180
140 0 1 180
140 0 1 180
130 0 0
130 0 1 170
130 0 0
130 0 1 180
130 0 0
130 0 1 180
130 0 1 190
130 0 1 180
130 0 1 190
130 0 1 180
130 0 1 170
130 0 1 215
130 0 0
130 0 0
130 0 0
130 0 0
130 0 0
130 0 0
130 0 0
210 0 1 250
210 0 1 250
210 0 1 250
210 0 1 250
210 0 1 250
210 0 0
210 0 1 265
210 0 0
210 0 1 250
210 0 1 250
210 0 1 250
210 0 1 250
210 0 1 250
200 0 0
200 0 1 240
200 0 0
200 0 1 250
200 0 0
200 0 1 250
200 0 1 265
200 0 1 250
200 0 1 265
200 0 1 250
200 0 1 240
200 0 1 285
200 0 0
200 0 0
200 0 0
200 0 0
200 0 0
200 0 0
200 0 0
200 0 1 240
200 0 1 240
200 0 1 240
200 0 1 240
200 0 1 240
200 0 0
200 0 1 250
200 0 0
200 0 1 240
200 0 1 240
200 0 1 240
200 0 1 240
200 0 1 240
190 0 0
190 0 1 230
190 0 0
190 0 1 240
190 0 0
190 0 1 240
190 0 1 250
190 0 1 240
190 0 1 250
190 0 1 240
190 0 1 230
190 0 1 275
190 0 0
190 0 0
190 0 0
190 0 0
190 0 0
190 0 0
190 0 0
190 0 1 275
190 0 0
190 0 0
190 0 0
190 0 1 275
190 0 0
190 0 1 275
190 0 0
190 0 1 265
190 0 0
190 0 1 275
190 0 0
190 0 1 275
190 0 0
190 0 0
190 0 0
190 0 1 275
190 0 0
190 0 1 230
190 0 0
190 0 1 275
190 0 0
190 0 1 265
190 0 0
190 0 1 275
190 0 0
190 0 0
190 0 0
190 0 1 275
190 0 0
190 0 0
190 0 0
190 0 1 240
190 0 0
190 0 0
190 0 0
190 0 1 240
190 0 0
190 0 1 240
190 0 0
190 0 1 230
190 0 0
190 0 1 240
190 0 0
190 0 1 240
190 0 0
190 0 0
190 0 0
190 0 1 240
190 0 1 250
190 0 1 240
190 0 1 230
190 0 1 240
190 0 0
190 0 1 250
190 0 0
190 0 1 275
190 0 0
190 0 0
190 0 0
190 0 1 275
190 0 0
190 0 0
190 0 0
270 0 1 310
270 0 0
270 0 1 310
270 0 1 325
270 0 1 310
260 0 0
260 0 1 300
260 0 0
260 0 1 345
260 0 0
260 0 1 300
260 0 0
260 0 1 310
260 0 0
260 0 0
260 0 0
260 0 1 310
260 0 0
260 0 1 310
260 0 1 325
260 0 1 310
260 0 0
260 0 1 300
260 0 0
260 0 1 310
260 0 0
260 0 0
260 0 0
260 0 1 310
260 0 0
260 0 0
260 0 0
260 0 1 310
260 0 0
260 0 1 310
260 0 1 325
260 0 1 310
260 0 0
260 0 1 300
260 0 0
260 0 1 345
260 0 0
260 0 1 300
260 0 0
260 0 1 310
260 0 0
260 0 0
260 0 0
260 0 1 310
260 0 1 325
260 0 1 310
260 0 1 300
260 0 1 310
260 0 0
260 0 1 350
260 0 0
54 0 1 94
54 0 0
54 0 0
54 0 0
54 0 1 94
54 0 0
54 0 0
54 0 0
330 0 1 370
330 0 0
54 0 1 94
345 0 1 385
54 0 1 94
54 0 0
345 0 1 385
330 0 0
330 0 1 370
330 0 0
330 0 1 385
330 0 0
54 0 1 94
54 0 0
54 0 0
54 0 0
330 0 1 370
330 0 0
54 0 1 94
345 0 1 385
54 0 1 94
54 0 0
345 0 1 385
345 0 0
54 0 1 94
54 0 0
54 0 0
54 0 0
54 0 1 94
54 0 0
54 0 0
54 0 0
330 0 1 370
330 0 0
54 0 1 94
345 0 1 385
54 0 1 94
54 0 0
345 0 1 385
330 0 0
330 0 1 370
330 0 0
330 0 1 385
330 0 0
54 0 1 94
54 0 0
54 0 0
54 0 0
330 0 1 370
330 0 0
54 0 1 94
345 0 1 385
54 0 1 94
345 0 1 385
54 0 1 94
310 0 1 350
54 0 1 94
54 0 0
54 0 0
54 0 0
54 0 1 94
54 0 0
54 0 0
54 0 0
54 0 1 94
54 0 0
54 0 1 94
345 0 1 385
54 0 1 94
54 0 0
345 0 1 385
330 0 0
330 0 1 370
330 0 0
330 0 1 385
330 0 0
54 0 1 94
54 0 0
54 0 0
54 0 0
54 0 1 94
54 0 0
54 0 1 94
345 0 1 385
54 0 1 94
54 0 0
345 0 1 385
345 0 0
54 0 1 94
54 0 0
54 0 0
54 0 0
54 0 1 94
54 0 0
54 0 0
54 0 0
54 0 1 94
54 0 0
54 0 1 94
345 0 1 385
54 0 1 94
54 0 0
345 0 1 385
330 0 0
330 0 1 370
330 0 0
330 0 1 385
330 0 0
54 0 1 94
54 0 0
54 0 0
54 0 0
54 0 1 94
54 0 0
54 0 1 94
345 0 1 385
54 0 1 94
330 0 1 385
320 0 1 370
310 0 1 360
310 0 1 350
310 0 0
310 0 0
310 0 0
310 0 1 350
310 0 0
310 0 0
310 0 0
310 0 1 350
310 0 0
310 0 1 370
310 0 1 360
310 0 1 350
310 0 0
54 0 1 94
54 0 0
310 0 1 350
310 0 0
310 0 1 360
310 0 0
310 0 1 350
310 0 0
310 0 0
310 0 0
310 0 1 350
310 0 0
310 0 1 370
310 0 1 360
310 0 1 350
310 0 0
54 0 1 94
54 0 0
310 0 1 350
310 0 0
310 0 0
310 0 0
310 0 1 350
310 0 0
310 0 0
310 0 0
310 0 1 350
310 0 0
54 0 1 94
345 0 1 385
54 0 1 94
54 0 0
310 0 1 350
310 0 0
54 0 1 94
54 0 0
345 0 1 385
330 0 0
330 0 1 370
330 0 0
330 0 0
330 0 0
330 0 1 370
330 0 0
330 0 1 370
330 0 1 385
330 0 1 370
320 0 0
320 0 1 360
310 0 0
310 0 1 350
310 0 0
310 0 0
310 0 0
310 0 1 350
310 0 0
310 0 0
310 0 0
310 0 1 370
54 0 1 94
345 0 1 385
54 0 1 94
310 0 1 350
54 0 1 94
345 0 1 385
54 0 1 94
330 0 1 370
54 0 1 94
345 0 1 385
54 0 1 94
310 0 1 350
54 0 1 94
345 0 1 385
54 0 1 94
330 0 1 370
54 0 1 94
345 0 1 385
54 0 1 94
310 0 1 350
54 0 1 94
345 0 1 385
54 0 1 94
330 0 1 370
54 0 1 94
345 0 1 385
54 0 1 94
310 0 1 350
54 0 1 94
345 0 1 385
54 0 1 94
54 0 1 94
310 0 1 360
310 0 1 350
310 0 1 360
310 0 1 370
310 0 1 360
310 0 1 350
310 0 1 360
54 0 1 94
310 0 1 360
310 0 1 350
310 0 1 360
310 0 1 370
310 0 1 360
310 0 1 350
310 0 1 360
54 0 1 94
310 0 1 360
310 0 1 350
310 0 1 360
310 0 1 370
310 0 1 360
310 0 1 350
310 0 1 360
54 0 1 94
310 0 1 360
310 0 1 350
310 0 1 360
310 0 1 370
310 0 1 360
310 0 1 350
310 0 1 360
310 0 1 370
54 0 1 94
345 0 1 385
54 0 1 94
310 0 1 350
54 0 1 94
345 0 1 385
54 0 1 94
330 0 1 370
54 0 1 94
345 0 1 385
54 0 1 94
310 0 1 350
54 0 1 94
345 0 1 385
54 0 1 94
330 0 1 370
54 0 1 94
345 0 1 385
54 0 1 94
310 0 1 350
54 0 1 94
345 0 1 385
54 0 1 94
330 0 1 370
54 0 1 94
345 0 1 385
54 0 1 94
310 0 1 350
54 0 1 94
345 0 1 385
54 0 1 94
330 0 1 370
330 0 0
330 0 1 370
54 0 1 94
345 0 1 385
54 0 1 94
310 0 1 350
54 0 1 94
345 0 1 385
50 0 0
50 0 0
50 0 0
50 0 0
50 0 0
50 0 0
50 0 0
50 0 0
50 0 0
50 0 0
50 0 0
50 0 0
50 0 0
50 0 0
50 0 0
50 0 0
50 0 0
50 0 0
50 0 0
50 0 0
50 0 0
50 0 0
50 0 0
50 0 0
50 0 0
50 0 0
50 0 0
50 0 0
50 0 0
50 0 0
50 0 0
50 0 0
50 0 0
50 0 0
50 0 0
50 0 0
50 0 0
50 0 0
50 0 0
50 0 0
50 0 0
50 0 0
50 0 0
50 0 0
50 0 0
50 0 0
50 0 0
50 0 0
50 0 0
50 0 0
50 0 0
50 0 0
50 0 0
50 0 0
50 0 0
50 0 0
50 0 0
50 0 0
50 0 0
50 0 0
50 0 0
50 0 0
50 0 0
50 0 0
50 0 0
50 0 0
50 0 0
50 0 0
50 0 0
50 0 0
50 0 0
50 0 0
50 0 0
50 0 0
50 0 0
50 0 0
50 0 0
50 0 0
50 0 0
50 0 0
50 0 0
50 0 0
50 0 0
50 0 0
50 0 0
50 0 0
50 0 0
50 0 0
50 0 0
50 0 0
50 0 0
50 0 0
50 0 0
50 0 0
50 0 0
50 0 0
50 0 0
50 0 0
50 0 0
50 0 0
50 0 0
50 0 0
50 0 0
50 0 0
50 0 0
50 0 0
50 0 0
50 0 0
50 0 0
50 0 0
50 0 0
50 0 0
50 0 0
50 0 0
50 0 0
50 0 0
50 0 0
50 0 0
50 0 0
50 0 0
50 0 0
50 0 0
50 0 0
50 0 0
50 0 0
50 0 0
50 0 0
50 0 0
50 0 0
50 0 0
50 0 1 110
105 0 1 155
105 0 1 145
105 0 0
105 0 1 155
105 0 0
105 0 1 145
95 0 0
95 0 1 135
95 0 0
95 0 1 145
95 0 0
95 0 1 155
70 0 0
70 0 1 110
70 0 0
70 0 1 110
70 0 1 155
70 0 1 145
70 0 0
70 0 1 155
70 0 0
70 0 1 110
70 0 0
70 0 0
70 0 0
70 0 1 120
70 0 0
70 0 0
70 0 0
70 0 1 170
70 0 0
190 0 1 230
190 0 1 275
190 0 1 265
190 0 0
190 0 1 275
190 0 0
190 0 1 265
190 0 0
190 0 1 255
190 0 0
190 0 1 265
190 0 0
190 0 1 275
190 0 0
190 0 1 230
190 0 0
190 0 1 230
190 0 1 275
190 0 1 265
190 0 0
190 0 1 275
190 0 0
190 0 1 240
190 0 0
190 0 0
190 0 0
190 0 1 240
190 0 0
190 0 0
190 0 0
190 0 1 290
190 0 0
310 0 1 350
54 0 1 94
345 0 1 385
345 0 0
54 0 1 94
54 0 0
345 0 1 385
335 0 0
335 0 1 375
335 0 0
335 0 1 385
335 0 0
54 0 1 94
54 0 0
310 0 1 350
310 0 0
310 0 1 350
54 0 1 94
345 0 1 385
345 0 0
54 0 1 94
54 0 0
310 0 1 350
310 0 0
310 0 0
310 0 0
310 0 1 360
310 0 0
310 0 0
310 0 0
69 0 1 109
69 0 0
69 0 1 169
164 0 1 214
164 0 1 204
164 0 0
164 0 1 214
164 0 0
164 0 1 204
154 0 0
154 0 1 194
154 0 0
154 0 1 204
154 0 0
154 0 1 214
129 0 0
129 0 1 169
129 0 0
129 0 1 169
129 0 1 214
129 0 1 204
129 0 0
129 0 1 214
129 0 0
129 0 1 179
129 0 0
129 0 0
129 0 0
129 0 1 179
129 0 0
129 0 0
129 0 0
129 0 1 229
129 0 0
224 0 1 274
224 0 1 264
224 0 1 274
224 0 0
224 0 1 264
214 0 0
214 0 1 254
199 0 0
199 0 1 239
189 0 0
189 0 1 229
189 0 0
189 0 1 239
189 0 0
189 0 1 289
189 0 0
284 0 1 334
284 0 1 324
284 0 1 334
284 0 0
284 0 1 324
274 0 0
274 0 1 314
274 0 0
274 0 0
274 0 0
274 0 1 314
274 0 0
274 0 0
274 0 0
274 0 1 349
274 0 0
53 0 1 93
344 0 1 384
53 0 1 93
53 0 0
344 0 1 384
334 0 0
334 0 1 374
319 0 0
319 0 1 359
309 0 0
309 0 1 349
309 0 0
309 0 1 359
309 0 0
113 0 1 153
68 0 0
68 0 1 108
68 0 0
68 0 1 153
68 0 0
68 0 1 143
68 0 0
68 0 1 133
68 0 0
68 0 0
68 0 0
68 0 1 133
68 0 0
68 0 0
68 0 0
68 0 1 118
68 0 0
68 0 0
68 0 0
68 0 0
68 0 0
68 0 0
68 0 0
68 0 1 118
68 0 0
68 0 0
68 0 0
68 0 0
68 0 0
68 0 0
68 0 0
68 0 1 118
68 0 0
68 0 0
68 0 0
68 0 1 133
68 0 0
68 0 0
68 0 0
68 0 1 118
68 0 0
68 0 0
68 0 0
68 0 0
68 0 0
68 0 0
68 0 0
68 0 1 133
68 0 0
68 0 1 143
68 0 0
68 0 1 153
68 0 0
68 0 1 108
68 0 0
68 0 1 153
68 0 0
68 0 1 143
68 0 0
68 0 1 133
68 0 0
68 0 1 143
68 0 0
68 0 1 118
68 0 0
68 0 1 118
68 0 1 118
68 0 1 118
68 0 0
68 0 1 108
68 0 0
68 0 1 118
68 0 0
68 0 0
68 0 0
68 0 0
68 0 0
68 0 0
68 0 0
68 0 1 118
68 0 0
68 0 0
68 0 0
68 0 0
68 0 0
68 0 0
68 0 0
68 0 1 118
68 0 0
68 0 0
68 0 0
68 0 0
68 0 0
68 0 0
68 0 0
68 0 1 118
68 0 0
68 0 0
68 0 0
68 0 1 133
68 0 0
68 0 0
68 0 0
68 0 1 118
68 0 0
68 0 0
68 0 0
68 0 0
68 0 0
68 0 0
68 0 0
68 0 1 133
68 0 0
68 0 1 143
68 0 0
68 0 1 153
68 0 0
68 0 1 108
68 0 0
68 0 1 153
68 0 0
68 0 1 143
68 0 0
68 0 1 133
68 0 0
68 0 1 143
68 0 0
68 0 1 118
68 0 0
68 0 1 118
68 0 1 118
68 0 1 118
68 0 0
68 0 1 108
68 0 0
68 0 1 118
68 0 0
68 0 0
68 0 0
68 0 0
68 0 0
68 0 0
68 0 0
68 0 1 118
68 0 0
68 0 0
68 0 0
68 0 0
68 0 0
68 0 0
68 0 0
68 0 1 118
68 0 0
68 0 0
68 0 0
68 0 0
68 0 0
68 0 0
68 0 0
68 0 1 118
68 0 0
68 0 0
68 0 0
68 0 1 133
68 0 0
68 0 0
68 0 0
68 0 1 118
68 0 0
68 0 0
68 0 0
68 0 0
68 0 0
68 0 0
68 0 0
68 0 1 133
68 0 0
68 0 1 143
68 0 0
68 0 1 153
68 0 0
68 0 1 108
68 0 0
68 0 1 153
68 0 0
68 0 1 143
68 0 0
68 0 1 133
68 0 0
68 0 1 143
68 0 0
68 0 1 118
68 0 0
68 0 1 118
68 0 1 118
68 0 1 118
68 0 0
68 0 1 108
68 0 0
68 0 1 118
68 0 0
68 0 0
68 0 0
68 0 0
68 0 0
68 0 0
68 0 0
68 0 1 118
68 0 0
68 0 1 118
68 0 0
68 0 1 118
68 0 0
68 0 1 118
68 0 0
68 0 1 118
68 0 0
68 0 0
68 0 0
68 0 1 133
68 0 0
68 0 0
68 0 0
68 0 1 118
68 0 0
68 0 1 118
68 0 0
68 0 1 118
68 0 0
68 0 1 118
68 0 0
68 0 1 118
68 0 0
68 0 0
68 0 0
68 0 1 108
68 0 0
68 0 0
68 0 0
68 0 1 118
68 0 0
68 0 0
68 0 0
68 0 1 118
68 0 0
68 0 1 133
68 0 0
68 0 1 118
68 0 0
68 0 1 133
68 0 0
68 0 1 118
68 0 0
68 0 1 108
68 0 0
68 0 1 153
68 0 0
68 0 0
68 0 0
68 0 0
68 0 0
68 0 0
68 0 0
68 0 0
68 0 0
68 0 0
68 0 0
68 0 0
68 0 0
68 0 0
68 0 0
68 0 1 108
68 0 0
68 0 1 108
68 0 0
68 0 1 108
68 0 0
68 0 1 108
68 0 0
68 0 1 108
68 0 0
68 0 0
68 0 0
68 0 1 118
68 0 0
68 0 0
68 0 0
68 0 1 108
68 0 0
68 0 1 108
68 0 0
68 0 1 108
68 0 0
68 0 1 108
68 0 0
68 0 1 108
68 0 0
68 0 0
68 0 0
68 0 1 158
68 0 0
68 0 0
68 0 0
68 0 1 108
68 0 0
68 0 0
68 0 0
68 0 1 108
68 0 0
68 0 1 118
68 0 0
68 0 1 108
68 0 0
68 0 1 118
68 0 0
68 0 1 108
68 0 0
68 0 1 158
68 0 0
68 0 1 143
68 0 0
68 0 0
68 0 0
68 0 0
68 0 0
68 0 0
68 0 0
68 0 0
68 0 0
68 0 0
68 0 0
68 0 0
68 0 0
68 0 0
68 0 0
138 0 1 178
138 0 0
138 0 1 178
138 0 0
138 0 1 178
138 0 0
138 0 1 178
138 0 0
138 0 1 178
138 0 0
138 0 0
138 0 0
138 0 1 193
138 0 0
138 0 0
138 0 0
138 0 1 178
138 0 0
138 0 1 178
138 0 0
138 0 1 178
138 0 0
138 0 1 178
138 0 0
138 0 1 178
138 0 0
138 0 0
128 0 0
128 0 1 168
128 0 0
128 0 0
128 0 0
128 0 1 178
128 0 0
128 0 0
128 0 0
128 0 1 178
128 0 0
128 0 1 193
128 0 0
128 0 1 203
128 0 0
128 0 1 193
128 0 0
128 0 1 203
128 0 0
128 0 1 168
128 0 0
128 0 1 213
128 0 0
128 0 0
128 0 0
128 0 0
128 0 0
128 0 0
128 0 0
128 0 0
128 0 0
128 0 0
128 0 0
128 0 0
128 0 0
128 0 0
128 0 0
128 0 1 213
128 0 0
128 0 1 213
128 0 0
128 0 1 213
128 0 0
128 0 1 213
128 0 0
128 0 1 213
128 0 0
128 0 0
128 0 0
128 0 1 203
128 0 0
128 0 0
128 0 0
128 0 1 213
128 0 0
128 0 1 213
128 0 0
128 0 1 213
128 0 0
128 0 1 213
128 0 0
128 0 1 213
128 0 0
128 0 0
128 0 0
128 0 1 193
128 0 0
128 0 0
128 0 0
128 0 1 203
128 0 0
128 0 0
128 0 0
128 0 1 203
128 0 0
128 0 1 213
128 0 0
128 0 1 203
128 0 0
128 0 1 213
128 0 0
128 0 1 203
128 0 0
128 0 1 193
128 0 0
128 0 1 178
128 0 0
128 0 0
128 0 0
128 0 0
128 0 0
128 0 0
128 0 0
128 0 0
128 0 0
128 0 0
128 0 0
128 0 0
128 0 0
128 0 0
128 0 0
50 0 0
50 0 0
50 0 0
50 0 0
50 0 0
50 0 0
50 0 0
50 0 0
50 0 0
50 0 0
50 0 0
50 0 0
50 0 0
50 0 0
50 0 0
50 0 0
50 0 0
50 0 0
50 0 0
50 0 0
50 0 0
50 0 0
50 0 0
50 0 0
50 0 0
